#name	chrom	strand	txStart	txEnd	cdsStart	cdsEnd	exonCount	exonStarts	exonEnds	proteinID	alignID
ENST00000652180.1	chr19	+	45668220	45683684	45671660	45681935	15	45668220,45669314,45669544,45670638,45671579,45672850,45674073,45674681,45676948,45677322,45677709,45677905,45678087,45681603,45681728,	45668298,45669448,45669592,45670734,45671757,45672954,45674177,45674826,45677108,45677383,45677779,45677994,45678226,45681645,45683684,	A0A494C077	uc287ilj.1
ENST00000590918.6	chr19	+	45668220	45683722	45669520	45681935	14	45668220,45669476,45670634,45671284,45672850,45674073,45674681,45676948,45677322,45677709,45677905,45678087,45681603,45681728,	45668298,45669592,45670734,45671392,45672954,45674177,45674826,45677108,45677383,45677779,45677994,45678226,45681645,45683722,	P48546	uc002pcu.3
ENST00000263281.7	chr19	+	45668255	45682155	45669520	45681711	13	45668255,45669476,45670634,45671284,45672850,45674073,45674681,45676948,45677322,45677709,45677905,45678087,45681603,	45668298,45669592,45670734,45671392,45672954,45674177,45674826,45677108,45677383,45677779,45677994,45678226,45682155,	P48546	uc002pct.2
ENST00000304207.12	chr19	+	45668256	45681988	45669520	45681935	13	45668256,45669476,45670634,45672850,45674073,45674681,45676948,45677322,45677709,45677905,45678087,45681603,45681728,	45668298,45669592,45670734,45672954,45674177,45674826,45677108,45677383,45677779,45677994,45678226,45681645,45681988,	P48546	uc010xxp.2
ENST00000585889.1	chr19	+	45668256	45681993	45669520	45677910	12	45668256,45669476,45670634,45671284,45672850,45674073,45674681,45676948,45677905,45678087,45681603,45681728,	45668298,45669592,45670734,45671392,45672954,45674177,45674826,45677108,45677994,45678226,45681645,45681993,	K7EPD9	uc061abe.1
ENST00000591322.1	chr19	+	45670255	45671362	45671310	45671362	2	45670255,45671284,	45670734,45671362,	K7EJZ3	uc061abf.1
ENST00000588816.1	chr19	+	45672617	45675412	45672617	45672617	3	45672617,45674073,45675380,	45672954,45674413,45675412,		uc061abg.1
ENST00000385039.1	chr19	+	45674927	45675024	45674927	45674927	1	45674927,	45675024,		uc021uvx.1
ENST00000637346.1	chr19	-	45674931	45675008	45674931	45674931	1	45674931,	45675008,		uc285pqw.1
ENST00000591224.1	chr19	+	45677525	45678400	45677525	45677525	2	45677525,45678087,	45677994,45678400,		uc061abh.1
ENST00000593127.1	chr19	+	45677636	45678126	45677636	45677636	3	45677636,45677905,45678087,	45677661,45677994,45678126,		uc061abi.1
ENST00000585392.2	chr19	-	45687459	45691917	45687552	45687717	3	45687459,45688386,45691886,	45687727,45688466,45691917,	K7EJB5	uc061abj.1
ENST00000342669.8	chr19	-	45687459	45691953	45687552	45691888	3	45687459,45688386,45691886,	45687727,45688566,45691953,	P62316	uc002pcw.5
ENST00000587367.5	chr19	-	45687461	45691940	45687552	45688538	4	45687461,45688386,45690571,45691886,	45687727,45688566,45690667,45691940,	P62316	uc061abk.1
ENST00000588599.5	chr19	-	45687462	45691771	45687552	45688538	3	45687462,45688386,45691411,	45687727,45688566,45691771,	P62316	uc061abl.1
ENST00000391932.7	chr19	-	45687462	45691941	45687552	45688538	4	45687462,45688386,45689232,45691886,	45687727,45688566,45689347,45691941,	P62316	uc002pcv.4
ENST00000588301.5	chr19	-	45687462	45692316	45687552	45691888	4	45687462,45688386,45691886,45692165,	45687727,45688566,45691992,45692316,	P62316	uc061abm.1
ENST00000590212.1	chr19	-	45687510	45691917	45687698	45691888	3	45687510,45688386,45691886,	45687753,45688566,45691917,	K7ERG4	uc061abn.1
ENST00000587579.1	chr19	-	45692153	45692569	45692153	45692153	2	45692153,45692515,	45692389,45692569,		uc061abo.1
ENST00000677024.1	chr19	+	45692402	45701914	45692703	45693039	6	45692402,45693412,45695400,45698546,45698800,45701797,	45693103,45693556,45695718,45698699,45698900,45701914,	A0A7I2V353	uc288rcy.1
ENST00000677542.1	chr19	+	45692402	45703820	45692703	45693039	7	45692402,45693412,45695436,45698546,45698800,45701797,45702903,	45693103,45693556,45695718,45698699,45698900,45701914,45703820,	A0A7I2V353	uc288rwq.1
ENST00000678102.1	chr19	+	45692402	45703953	45692703	45693039	7	45692402,45693412,45695400,45698546,45698800,45701797,45702903,	45693223,45693556,45695718,45698699,45698900,45701914,45703953,	A0A7I2V353	uc288srz.1
ENST00000012049.10	chr19	+	45692665	45703987	45692703	45703049	7	45692665,45693412,45695436,45698546,45698800,45701797,45702903,	45692910,45693556,45695718,45698699,45698900,45701914,45703987,	Q9NXS2	uc010xxr.4
ENST00000678862.1	chr19	+	45692672	45703926	45692703	45701818	6	45692672,45693412,45695436,45698546,45701797,45702903,	45692910,45693556,45695718,45698699,45701914,45703926,	A0A7I2V5X1	uc288tux.1
ENST00000366382.8	chr19	+	45692696	45703989	45692703	45703049	6	45692696,45693412,45698546,45698800,45701797,45702903,	45692910,45693556,45698699,45698900,45701914,45703989,	Q9NXS2	uc010ekn.4
ENST00000591606.1	chr19	+	45692757	45698825	45692757	45695701	5	45692757,45693412,45695632,45698546,45698800,	45692910,45693556,45695718,45698699,45698825,	K7EQG1	uc061abp.1
ENST00000592769.1	chr19	+	45698479	45701823	45698479	45698479	3	45698479,45698781,45701797,	45698699,45698900,45701823,		uc061abq.1
ENST00000317683.4	chr19	-	45710628	45730896	45711683	45713495	2	45710628,45730848,	45713573,45730896,	Q6PJ61	uc002pcz.5
ENST00000586899.1	chr19	-	45712943	45723496	45712943	45713495	2	45712943,45723472,	45713573,45723496,	K7ERN4	uc061abr.1
ENST00000591686.1	chr19	-	45713455	45715278	45713455	45713495	2	45713455,45714768,	45713573,45715278,	K7EKF1	uc061abs.1
ENST00000623179.1	chr19	-	45714386	45717381	45714386	45714386	1	45714386,	45717381,		uc002pda.1
ENST00000457052.3	chr19	+	45733438	45764541	45735376	45764118	15	45733438,45735376,45739625,45745191,45750674,45753650,45754478,45755969,45757176,45758877,45759413,45761678,45761938,45763337,45763970,	45733666,45735447,45739730,45745321,45750786,45753788,45754724,45756078,45757277,45759033,45759490,45761867,45762183,45763427,45764541,	C9JSJ3	uc021uwa.3
ENST00000559756.1	chr19	+	45764784	45769053	45764784	45764784	2	45764784,45768831,	45765964,45769053,		uc061abt.1
ENST00000317578.7	chr19	-	45764784	45769252	45765500	45768844	3	45764784,45766349,45768041,	45766111,45767155,45769252,	Q8N196	uc002pdb.5
ENST00000560160.1	chr19	-	45764888	45768627	45765930	45768627	2	45764888,45768041,	45766111,45768627,	H0YLK1	uc061abv.1
ENST00000560168.1	chr19	-	45765392	45768855	45767146	45768844	3	45765392,45768041,45768714,	45767155,45768112,45768855,	H0YLF6	uc061abw.1
ENST00000590076.2	chr19	+	45767795	45771883	45767795	45767795	2	45767795,45771489,	45768131,45771883,		uc061abx.1
ENST00000592217.2	chr19	+	45768386	45769806	45768386	45768386	1	45768386,	45769806,		uc061aby.1
ENST00000682335.1	chr19	-	45769708	45780603	45769708	45769708	14	45769708,45770970,45771349,45771567,45771770,45772640,45774948,45777326,45777666,45778126,45778492,45779263,45779438,45779777,	45770640,45771060,45771396,45771665,45771928,45772752,45775034,45777590,45777873,45778220,45778641,45779359,45779522,45780603,		uc289dqj.1
ENST00000291270.9	chr19	-	45769716	45782490	45770487	45782352	15	45769716,45770970,45771349,45771567,45771770,45772640,45774948,45777326,45777666,45778126,45778492,45779263,45779438,45779777,45782192,	45770640,45771060,45771396,45771665,45771928,45772752,45775034,45777590,45777873,45778220,45778641,45779359,45779522,45779869,45782490,	Q09013	uc002pdf.4
ENST00000588522.5	chr19	-	45769716	45782552	45779851	45782352	16	45769716,45770970,45771349,45771567,45771770,45772640,45774948,45777326,45777666,45778126,45778492,45779263,45779438,45779777,45780322,45782192,	45770640,45771060,45771396,45771665,45771928,45772752,45775034,45777590,45777873,45778220,45778641,45779359,45779522,45779869,45780381,45782552,	K7EQX1	uc061abz.1
ENST00000596686.5	chr19	-	45769719	45779619	45769719	45769719	13	45769719,45770970,45771349,45771567,45771770,45772640,45774948,45777326,45777666,45778126,45778492,45779263,45779438,	45770640,45771056,45771396,45771665,45771928,45772752,45775034,45777590,45777873,45778220,45778641,45779359,45779619,		uc061aca.1
ENST00000674226.1	chr19	-	45769719	45780747	45769719	45769719	14	45769719,45770970,45771349,45771567,45771770,45772640,45774948,45777341,45777666,45778126,45778492,45779263,45779438,45779777,	45770640,45771056,45771396,45771665,45771928,45772752,45775034,45777590,45777873,45778220,45778641,45779359,45779522,45780747,		uc288nbl.1
ENST00000684672.1	chr19	-	45769721	45780545	45769721	45769721	13	45769721,45770970,45771567,45771770,45772640,45774948,45777341,45777666,45778126,45778492,45779263,45779438,45779777,	45770640,45771060,45771665,45771928,45772752,45775034,45777590,45777723,45778220,45778641,45779359,45779522,45780545,		uc289hcg.1
ENST00000600757.6	chr19	-	45769724	45780603	45769724	45769724	14	45769724,45770970,45771349,45771567,45771770,45772640,45774948,45777326,45777666,45778126,45778492,45779263,45779438,45779777,	45770640,45771060,45771396,45771665,45771928,45772752,45775034,45777590,45777873,45778220,45778641,45779359,45779522,45780603,		uc002pde.4
ENST00000447742.6	chr19	-	45769735	45782479	45770487	45782352	15	45769735,45770970,45771349,45771567,45771770,45772640,45774948,45777341,45777666,45778126,45778492,45779263,45779438,45779777,45782192,	45770640,45771060,45771396,45771665,45771928,45772752,45775034,45777590,45777873,45778220,45778641,45779359,45779522,45779869,45782479,	Q09013	uc002pdh.3
ENST00000343373.10	chr19	-	45769763	45782496	45770480	45782352	15	45769763,45770970,45771349,45771567,45771770,45772640,45774948,45777326,45777666,45778126,45778492,45779263,45779438,45779777,45782192,	45770640,45771056,45771396,45771665,45771928,45772752,45775034,45777590,45777873,45778220,45778641,45779359,45779522,45779869,45782496,	Q09013	uc002pdd.5
ENST00000682529.1	chr19	-	45769785	45772109	45769785	45769785	5	45769785,45770970,45771349,45771567,45771770,	45770640,45771056,45771396,45771665,45772109,		uc289dxv.1
ENST00000682436.1	chr19	-	45769785	45772851	45769785	45769785	6	45769785,45770970,45771349,45771567,45771770,45772640,	45770640,45771060,45771396,45771665,45771928,45772851,		uc289dug.1
ENST00000600370.2	chr19	-	45769785	45773806	45769785	45769785	4	45769785,45771567,45771770,45772640,	45770640,45771665,45771928,45773806,		uc061aci.2
ENST00000682259.1	chr19	-	45769785	45780545	45769785	45769785	14	45769785,45770970,45771349,45771567,45771770,45772640,45774948,45777326,45777666,45778126,45778492,45779263,45779438,45779777,	45770640,45771056,45771396,45771665,45771928,45772752,45775034,45777590,45777873,45778220,45778641,45779359,45779522,45780545,		uc289dnl.1
ENST00000684007.1	chr19	-	45769788	45780486	45769788	45769788	14	45769788,45770970,45771349,45771567,45771770,45772640,45774948,45777326,45777666,45778126,45778492,45779263,45779438,45779777,	45770640,45771060,45771396,45771665,45771928,45772752,45775034,45777590,45777723,45778220,45778641,45779359,45779522,45780486,		uc289gcr.1
ENST00000682994.1	chr19	-	45769788	45780506	45769788	45769788	11	45769788,45770970,45771349,45771567,45771770,45772640,45774948,45777326,45778492,45779438,45779777,	45770640,45771060,45771396,45771665,45771928,45772752,45775034,45778220,45779359,45779522,45780506,		uc289eps.1
ENST00000683830.1	chr19	-	45769792	45780362	45769792	45769792	12	45769792,45770970,45771567,45771770,45772640,45774948,45777341,45777666,45778126,45778492,45779438,45779777,	45770640,45771396,45771665,45771928,45772752,45775034,45777559,45777873,45778220,45779359,45779522,45780362,		uc289fvw.1
ENST00000458663.6	chr19	-	45769846	45782388	45770480	45782352	15	45769846,45770970,45771349,45771567,45771770,45772640,45774948,45777341,45777666,45778126,45778492,45779263,45779438,45779777,45782192,	45770640,45771056,45771396,45771665,45771928,45772752,45775034,45777590,45777873,45778220,45778641,45779359,45779522,45779869,45782388,	Q09013	uc002pdg.3
ENST00000598272.1	chr19	-	45769955	45771365	45769955	45769955	1	45769955,	45771365,		uc061acc.1
ENST00000683086.1	chr19	-	45770091	45782490	45770632	45782352	13	45770091,45771567,45771770,45772640,45774948,45777326,45777666,45778126,45778492,45779263,45779438,45779777,45782192,	45770640,45771665,45771928,45772752,45775034,45777590,45777873,45778220,45778641,45779359,45779522,45779869,45782490,	Q09013	uc289etg.1
ENST00000354227.9	chr19	-	45770380	45782489	45770632	45782352	13	45770380,45771567,45771770,45772640,45774948,45777341,45777666,45778126,45778492,45779263,45779438,45779777,45782192,	45770640,45771665,45771928,45772752,45775034,45777590,45777873,45778220,45778641,45779359,45779522,45779869,45782489,	Q09013	uc010xxt.3
ENST00000593574.1	chr19	-	45770509	45777447	45770509	45777447	5	45770509,45771567,45772640,45774948,45777326,	45770640,45771665,45772752,45775034,45777447,	M0QXJ9	uc061acd.1
ENST00000597660.1	chr19	-	45770921	45772712	45771157	45772712	4	45770921,45771567,45771770,45772640,	45771396,45771665,45771928,45772712,	M0R1F3	uc061ace.1
ENST00000586251.5	chr19	+	45770981	45772504	45770981	45770981	3	45770981,45771489,45772305,	45771079,45771675,45772504,		uc061acf.1
ENST00000591530.5	chr19	+	45770995	45772504	45770995	45770995	3	45770995,45771589,45772305,	45771079,45771684,45772504,		uc061acg.1
ENST00000586498.1	chr19	+	45771012	45772504	45771012	45771012	3	45771012,45771589,45772305,	45771079,45771675,45772504,		uc061ach.1
ENST00000598191.6	chr19	-	45774463	45782490	45774463	45774463	8	45774463,45777326,45777666,45778126,45778492,45779438,45779777,45782192,	45775034,45777590,45777873,45778220,45779359,45779522,45779869,45782490,		uc061acl.2
ENST00000595361.1	chr19	-	45774947	45777037	45774947	45774947	2	45774947,45776658,	45775034,45777037,		uc061acj.1
ENST00000596920.3	chr19	-	45775162	45780545	45775162	45775162	5	45775162,45776375,45778492,45779438,45779777,	45775399,45778220,45779359,45779522,45780545,		uc061acm.3
ENST00000682273.1	chr19	-	45775203	45779359	45775203	45775203	6	45775203,45776375,45777666,45778126,45778492,45779263,	45775399,45777590,45777873,45778220,45778641,45779359,		uc289dnz.1
ENST00000682898.1	chr19	-	45776467	45780545	45776467	45776467	7	45776467,45777666,45778126,45778492,45779263,45779438,45779777,	45777590,45777873,45778220,45778641,45779359,45779522,45780545,		uc289ema.1
ENST00000599002.1	chr19	-	45777565	45777954	45777565	45777565	2	45777565,45777666,	45777590,45777954,		uc061ack.1
ENST00000598180.2	chr19	-	45777769	45780544	45777769	45777769	6	45777769,45778126,45778492,45779133,45779438,45779777,	45777873,45778220,45778641,45779278,45779522,45780544,		uc061acn.2
ENST00000596067.1	chr19	-	45778634	45780541	45778634	45778634	5	45778634,45779263,45779438,45779777,45780322,	45778641,45779359,45779522,45779869,45780541,		uc061aco.1
ENST00000599392.1	chr19	-	45778902	45779569	45778902	45778902	2	45778902,45779438,	45779359,45779569,		uc061acp.1
ENST00000593999.1	chr19	-	45779436	45785973	45779851	45785973	3	45779436,45779777,45785593,	45779522,45779869,45785973,	M0R0L4	uc061acq.1
ENST00000596586.5	chr19	-	45779470	45785713	45779470	45785713	5	45779470,45779777,45782192,45784640,45785593,	45779522,45779869,45782250,45784715,45785713,	M0QX08	uc061acr.1
ENST00000597712.5	chr19	-	45779470	45785713	45780330	45785713	4	45779470,45779777,45780213,45785593,	45779522,45779869,45780381,45785713,	M0R256	uc061acs.1
ENST00000595946.1	chr19	-	45779471	45785713	45779471	45785713	4	45779471,45779777,45782192,45785593,	45779522,45779869,45782250,45785713,	M0QYC6	uc061act.1
ENST00000377735.7	chr19	-	45782946	45792802	45784242	45792756	4	45782946,45785593,45790904,45792315,	45784290,45786871,45791087,45792802,	G5E9A7	uc021uwc.2
ENST00000270223.7	chr19	-	45782946	45792845	45784242	45792756	5	45782946,45784640,45785593,45790904,45792315,	45784290,45784715,45786871,45791087,45792845,	Q09019	uc002pdj.3
ENST00000537879.1	chr19	-	45783938	45785659	45784586	45785659	2	45783938,45785593,	45784715,45785659,	H0YGU4	uc061acu.1
ENST00000602829.1	chr19	-	45785255	45785910	45785425	45785910	1	45785255,	45785910,	R4GMW3	uc061acv.1
ENST00000601370.1	chr19	-	45786849	45792773	45786849	45786849	3	45786849,45790904,45792315,	45787218,45791087,45792773,		uc061acw.1
ENST00000597053.1	chr19	-	45789258	45791045	45789319	45791045	2	45789258,45790904,	45789487,45791045,	R4GN01	uc061acx.1
ENST00000602469.1	chr19	-	45789394	45790176	45789394	45789394	1	45789394,	45790176,		uc061acy.1
ENST00000598237.1	chr19	-	45790566	45792437	45790760	45792437	2	45790566,45792315,	45791087,45792437,	R4GMZ4	uc061acz.1
ENST00000600188.5	chr19	-	45795712	45810931	45795868	45810698	5	45795712,45800445,45802119,45804251,45810602,	45796106,45800563,45802264,45805016,45810931,	M0R103	uc002pdl.4
ENST00000221538.8	chr19	-	45795712	45815308	45795868	45815176	6	45795712,45800445,45802119,45804251,45810602,45814526,	45796106,45800563,45802264,45805016,45810840,45815308,	Q9H0K4	uc002pdm.5
ENST00000597055.1	chr19	-	45795764	45815228	45795987	45815176	6	45795764,45800445,45802119,45804251,45810602,45814526,	45796102,45800563,45802264,45805016,45810840,45815228,	M0R2K1	uc061ada.1
ENST00000598155.5	chr19	-	45815409	45824161	45815409	45815409	10	45815409,45815850,45816481,45816797,45817958,45821383,45822755,45823371,45823766,45824043,	45815697,45816183,45816577,45816974,45818146,45821485,45822846,45823472,45823875,45824161,		uc061adb.1
ENST00000245934.12	chr19	-	45815409	45863147	45815559	45854495	27	45815409,45815850,45816481,45816797,45817958,45821383,45822755,45823371,45823766,45825170,45826225,45827509,45827836,45828969,45830053,45831383,45835077,45838460,45842249,45844029,45847751,45848749,45852311,45852481,45854174,45854390,45863057,	45815697,45816183,45816577,45816974,45818146,45821485,45822846,45823472,45823875,45825331,45826373,45827623,45827918,45829205,45830204,45831588,45835228,45838615,45842489,45844200,45848001,45848876,45852385,45852535,45854240,45854507,45863147,	Q92797	uc002pdn.5
ENST00000593504.5	chr19	-	45815427	45863144	45815427	45815427	26	45815427,45815850,45816481,45816797,45817958,45821383,45822755,45823371,45823766,45825170,45826225,45827509,45827836,45830053,45831383,45835077,45838460,45842249,45844029,45847751,45848749,45852311,45852481,45854174,45854390,45863057,	45815697,45816183,45816577,45816974,45818146,45821485,45822846,45823472,45823875,45825331,45826373,45827623,45829205,45830204,45831588,45835228,45838615,45842489,45844200,45848001,45848876,45852385,45852535,45854240,45854507,45863144,		uc061adc.1
ENST00000600237.5	chr19	-	45815447	45855807	45827583	45854495	26	45815447,45815850,45816481,45816797,45817958,45821383,45822755,45823371,45823766,45825170,45826225,45827509,45827836,45829054,45830053,45831383,45835077,45838460,45842249,45844029,45847751,45848749,45852311,45852481,45854174,45854390,	45815697,45816183,45816577,45816974,45818146,45821485,45822846,45823472,45823875,45825331,45826373,45827623,45827918,45829205,45830204,45831588,45835228,45838615,45842489,45844200,45848001,45848876,45852385,45852535,45854240,45855807,	M0R3C7	uc061add.1
ENST00000598364.1	chr19	-	45815467	45817133	45815467	45815467	4	45815467,45815850,45816481,45816797,	45815697,45816183,45816577,45817133,		uc061ade.1
ENST00000596824.1	chr19	-	45815895	45818013	45816560	45818013	4	45815895,45816481,45816797,45817958,	45816183,45816614,45816974,45818013,	M0R033	uc061adf.1
ENST00000598329.2	chr19	-	45816482	45824012	45816482	45816482	7	45816482,45816797,45817958,45821383,45822755,45823371,45823766,	45816577,45816974,45818146,45821485,45822846,45823472,45824012,		uc061adg.1
ENST00000599460.5	chr19	-	45818912	45863130	45821099	45854495	22	45818912,45822755,45823371,45823766,45825170,45826225,45827509,45827836,45828969,45830053,45831383,45835077,45838460,45842249,45844029,45847751,45848749,45852311,45852481,45854174,45854390,45863057,	45821485,45822846,45823472,45823875,45825331,45826373,45827623,45827918,45829205,45830204,45831588,45835228,45838615,45842489,45844200,45848001,45848876,45852385,45852535,45854240,45854507,45863130,	A0A087WUE9	uc002pdp.2
ENST00000599814.5	chr19	-	45818954	45855710	45821099	45854495	21	45818954,45822755,45823371,45823766,45825170,45826225,45827509,45827836,45828969,45830053,45831383,45835077,45838460,45842249,45844029,45847751,45848749,45852311,45852481,45854174,45854390,	45821485,45822846,45823472,45823875,45825331,45826373,45827623,45827918,45829205,45830204,45831588,45835228,45838615,45842489,45844200,45848001,45848876,45852385,45852535,45854240,45855710,	A0A087WUE9	uc002pdo.2
