$chr	start	end	norm_FIRE	norm_other	large_FIRE	large_other	pval_large	small_FIRE	small_other	pval_small
chr19	45664741	45664984	5	43	1	14	1.0	1	28	0.40024127161834444
chr19	45667703	45668053	32	69	14	26	0.6958140613173147	16	33	1.0
chr19	45668830	45669067	30	70	15	25	0.42639653274395584	16	33	0.8504985140843329
chr19	45669240	45669446	39	60	21	19	0.18717844456062907	22	27	0.5954346775770887
chr19	45669438	45669648	34	64	16	24	0.5642552249817286	12	37	0.25879550221978204
chr19	45670914	45671277	32	63	16	25	0.5630270831053901	16	31	1.0
chr19	45677353	45677714	21	42	16	25	0.6755343960831962	15	29	1.0
chr19	45681538	45681769	62	12	38	7	1.0	38	5	0.5933584438592301
chr19	45691846	45692089	78	3	51	2	1.0	37	2	0.6595312584414247
chr19	45692169	45692735	76	7	53	2	0.31639993477165385	36	3	1.0
chr19	45692833	45693119	32	52	15	40	0.20438229446469333	17	23	0.6962754763248498
chr19	45693394	45693595	64	25	38	16	0.8509021757207574	26	12	0.6767872975365437
chr19	45707334	45707564	34	66	27	45	0.7468022080080268	31	16	0.00035271417810985977
chr19	45716627	45716832	18	60	14	41	0.8375493867816668	5	32	0.3196581155096488
chr19	45717243	45717586	76	1	52	2	0.5684660448729328	31	2	0.21365953109072372
chr19	45717268	45717778	77	2	52	3	0.4007363743756109	31	2	0.5798289114802876
chr19	45717695	45717982	55	25	35	20	0.5799800175423324	26	7	0.3608113696379016
chr19	45722008	45722358	21	62	13	43	0.8423503427004962	2	18	0.23037278906836473
chr19	45722663	45722896	22	64	16	40	0.7025248453384636	3	15	0.5517638183067022
chr19	45730083	45730260	32	80	14	33	1.0	11	27	1.0
chr19	45730287	45730489	28	84	10	39	0.6869960461119775	7	34	0.3866625518124416
chr19	45730798	45731196	102	6	44	4	0.4981421210414232	43	2	1.0
chr19	45746974	45747200	25	82	12	46	0.8452865044173827	3	23	0.28300380935016245
chr19	45749503	45749735	31	72	7	52	0.011554880823059081	10	18	0.6470802683605177
chr19	45766922	45767148	46	44	14	21	0.3205199598949694	9	21	0.05719210753451166
chr19	45767445	45767728	62	31	20	12	0.6719796132008142	17	14	0.28256691194065153
chr19	45767633	45767898	63	28	14	19	0.011235365294448643	20	11	0.6593773202099853
chr19	45768152	45768378	37	56	12	18	1.0	13	18	0.8357911917836409
chr19	45768377	45768613	35	58	11	18	1.0	15	16	0.2998182818887546
chr19	45768738	45768932	40	52	8	21	0.19095727253063755	14	18	1.0
chr19	45769240	45769726	86	9	14	11	0.00020131016810189437	26	6	0.2042470923783113
chr19	45770259	45770487	79	15	12	33	7.770610147549027e-11	27	9	0.3116187031545645
chr19	45770597	45770954	87	7	9	19	2.9684151425369274e-10	29	4	0.4744648749252969
chr19	45779573	45779776	52	52	15	30	0.07356184795980074	15	24	0.2607045929857945
chr19	45781257	45781431	26	66	5	39	0.030183482039221082	3	39	0.006096984474644808
chr19	45781596	45781786	25	70	6	38	0.12548079995489808	15	28	0.31763855692234205
chr19	45781848	45782077	40	59	14	30	0.35601953784118945	17	24	1.0
chr19	45782052	45782252	43	57	12	32	0.09401993762509553	13	27	0.33979878688005716
chr19	45782435	45782616	42	55	14	29	0.26522116156009856	12	27	0.24483965922884482
chr19	45782855	45783059	67	33	28	14	1.0	19	16	0.2211090096129516
chr19	45783128	45783349	65	36	30	12	0.44410794599707626	24	11	0.686044108025391
chr19	45783520	45783730	31	66	9	33	0.2284218988160564	13	22	0.6763070522827312
chr19	45792709	45793153	86	16	44	3	0.18453355091727075	26	6	0.7848249494447004
chr19	45799024	45799290	89	18	51	7	0.499491278257835	33	9	0.4899618611401761
chr19	45799077	45799507	91	21	52	7	0.2839943579491011	33	12	0.2846832454623008
chr19	45800130	45800348	33	81	17	47	0.8622350109935317	8	37	0.16436885471645457
chr19	45806505	45806797	53	52	23	35	0.1944352128519031	19	17	0.8486965339679757
chr19	45809805	45810024	42	63	24	29	0.6088131158828185	9	21	0.3953285006247079
chr19	45810188	45810359	26	78	27	27	0.0023918936596519827	12	17	0.10460561241530714
chr19	45817186	45817471	61	43	37	33	0.533256222561374	23	23	0.3741078404203251
